8.484745079450004002e-03
3.119750024327350157e-03
-2.234525759955904856e-03
-7.594161179658866223e-03
-1.295915623478152007e-02
-1.831343201906477508e-02
-2.367306743876772951e-02
-2.903806249389039723e-02
-3.439233827817365224e-02
-3.975197369787660667e-02
-4.511160911757956110e-02
-5.047124453728251553e-02
-5.583623959240516937e-02
-6.119051537668843826e-02
-6.655551043181107129e-02
-7.190978621609434018e-02
-7.726942163579730849e-02
-8.262905705550024904e-02
-8.798869247520321735e-02
-9.334832789490615790e-02
-9.871332295002882562e-02
-1.040675987343120945e-01
-1.094272341540150351e-01
-1.147868695737180034e-01
-1.201465049934209439e-01
-1.255061404131239122e-01
-1.308657758328268805e-01
-1.362307708879495205e-01
-1.415850466722327894e-01
-1.469446820919357299e-01
-1.523043175116386982e-01
-1.576693125667613382e-01
-1.630235883510446071e-01
-1.683832237707475754e-01
-1.737428591904505160e-01
-1.791024946101534843e-01
-1.844674896652761242e-01
-1.898217654495593931e-01
-1.951814008692623614e-01
-2.005410362889653297e-01
-2.059006717086682425e-01
-2.112603071283712108e-01
-2.166199425480741791e-01
-2.219849376031968469e-01
-2.273445730228997597e-01
-2.326988488071830286e-01
-2.380584842268859969e-01
-2.434181196465889652e-01
-2.487777550662919335e-01
-2.541427501214145734e-01
-2.594970259056978423e-01
-2.648566613254008106e-01
-2.702216563805234784e-01
-2.755759321648067472e-01
-2.809355675845097156e-01
-2.862952030042126284e-01
-2.916548384239155967e-01
-2.970198334790383199e-01
-3.023741092633215333e-01
-3.077337446830245016e-01
-3.130933801027274144e-01
-3.184530155224303827e-01
-3.238126509421333510e-01
-3.291722863618363193e-01
-3.345319217815392876e-01
-3.398915572012422004e-01
-3.452565522563649236e-01
-3.506108280406481370e-01
-3.559704634603511053e-01
-3.613300988800540736e-01
-3.666897342997569864e-01
-3.720547293548797096e-01
-3.774090051391629230e-01
-3.827686405588658913e-01
-3.881282759785688596e-01
-3.934879113982717724e-01
-3.988529064533944957e-01
-4.042071822376777090e-01
-4.095668176573806774e-01
-4.149264530770836457e-01
-4.202860884967865585e-01
-4.256457239164895268e-01
-4.310107189716121945e-01
-4.363649947558954634e-01
-4.417246301755984317e-01
-4.470896252307210994e-01
-4.524439010150043128e-01
-4.578035364347072811e-01
-4.631631718544102494e-01
-4.685228072741132177e-01
-4.738824426938161860e-01
-4.792420781135191543e-01
-4.846017135332220116e-01
-4.899667085883447903e-01
-4.953263440080477586e-01
-5.006806197923309165e-01
-5.060456148474535842e-01
-5.113998906317368531e-01
-5.167595260514398214e-01
-5.221191614711427897e-01
-5.274841565262654575e-01
-5.328384323105487264e-01
-5.381980677302515836e-01
-5.435577031499545519e-01
-5.489173385696575203e-01
-5.542769739893604886e-01
-5.596366094090634569e-01
-5.649962448287664252e-01
-5.703612398838890929e-01
-5.757155156681723618e-01
-5.810751510878753301e-01
-5.864347865075782984e-01
-5.917944219272811557e-01
-5.971540573469841240e-01
-6.025190524021067917e-01
-6.078733281863900606e-01
-6.132329636060930289e-01
-6.185925990257959972e-01
-6.239522344454989655e-01
-6.293118698652019338e-01
-6.346715052849049021e-01
-6.400311407046078704e-01
-6.453907761243107277e-01
-6.507557711794335065e-01
-6.561100469637166643e-01
-6.614750420188393321e-01
-6.668293178031226009e-01
-6.721889532228255693e-01
-6.775485886425285376e-01
-6.829135836976512053e-01
-6.882732191173541736e-01
-6.936274949016373315e-01
-6.989871303213402998e-01
-7.043521253764630785e-01
-7.097064011607462364e-01
-7.150660365804492047e-01
-7.204310316355718724e-01
-7.257853074198551413e-01
-7.311503024749778090e-01
-7.365045782592610779e-01
-7.418695733143837456e-01
-7.472238490986669035e-01
-7.525888441537896822e-01
-7.579431199380728401e-01
-7.633027553577758084e-01
-7.686677504128984761e-01
-7.740220261971817450e-01
-7.793816616168847133e-01
-7.847412970365876816e-01
-7.901009324562906500e-01
-7.954605678759936183e-01
-8.008255629311162860e-01
-8.061798387153994438e-01
-8.115394741351024122e-01
-8.168991095548053805e-01
-8.222587449745083488e-01
-8.276237400296310165e-01
-8.329780158139142854e-01
-8.383430108690369531e-01
-8.437026462887399214e-01
-8.490569220730231903e-01
-8.544165574927260476e-01
-8.597761929124290159e-01
-8.651358283321319842e-01
-8.704954637518349525e-01
-8.758550991715379208e-01
-8.812147345912408891e-01
-8.865743700109438574e-01
-8.919393650660665251e-01
-8.972936408503497940e-01
-9.026532762700527623e-01
-9.080182713251754301e-01
-9.133725471094585879e-01
-9.187375421645812557e-01
-9.240918179488645245e-01
-9.294568130039871923e-01
-9.348110887882704612e-01
-9.401707242079734295e-01
-9.455303596276763978e-01
-9.508899950473793661e-01
-9.562496304670823344e-01
-9.616092658867853027e-01
-9.669689013064882710e-01
-9.723338963616109387e-01
-9.776881721458942076e-01
-9.830478075655971759e-01
-9.884074429852999222e-01
-9.937724380404228119e-01
-9.991267138247058588e-01
-1.004486349244408716e+00
-1.009851344299531384e+00
-1.015205620083814653e+00
-1.020565255503517621e+00
-1.025924890923220589e+00
-1.031284526342923558e+00
-1.036649521398046225e+00
-1.042003797182329494e+00
-1.047363432602032463e+00
-1.052723068021735431e+00
