-1.325476593210389575e-03
-3.476675679448867212e-03
-5.625723566601108921e-03
-7.776922652839586558e-03
-9.928121739078064195e-03
-1.207932082531654183e-02
-1.423267111064125887e-02
-1.638171899779350058e-02
-1.853291808403197474e-02
-2.068411717027044891e-02
-2.283531625650893002e-02
-2.498651534274740418e-02
-2.713986562807212469e-02
-2.929106471431060579e-02
-3.144011260146284403e-02
-3.359346288678756454e-02
-3.574466197302604564e-02
-3.789586105926451287e-02
-4.004490894641675458e-02
-4.219610803265523569e-02
-4.434945831797995619e-02
-4.649850620513218402e-02
-4.864970529137066513e-02
-5.080090437760914623e-02
-5.295210346384762734e-02
-5.510330255008610845e-02
-5.725450163632458955e-02
-5.940785192164929618e-02
-6.155689980880155177e-02
-6.370809889504001899e-02
-6.585929798127850010e-02
-6.801049706751698121e-02
-7.016169615375546231e-02
-7.231289523999392954e-02
-7.446409432623241065e-02
-7.661529341247089175e-02
-7.876649249870937286e-02
-8.091769158494785397e-02
-8.306889067118632120e-02
-8.522008975742480230e-02
-8.737344004274952280e-02
-8.952463912898799003e-02
-9.167583821522647114e-02
-9.382703730146495225e-02
-9.597823638770343335e-02
-9.812728427485567506e-02
-1.002784833610941562e-01
-1.024296824473326234e-01
-1.045830327326573439e-01
-1.067320806198095856e-01
-1.088854309051342922e-01
-1.110366299913727872e-01
-1.131856778785250150e-01
-1.153368769647634962e-01
-1.174902272500882028e-01
-1.196414263363266839e-01
-1.217926254225651650e-01
-1.239438245088036461e-01
-1.260950235950421272e-01
-1.282462226812806083e-01
-1.303974217675190894e-01
-1.325464696546713173e-01
-1.346998199399960239e-01
-1.368510190262345050e-01
-1.390022181124729861e-01
-1.411512659996252139e-01
-1.433024650858636950e-01
-1.454536641721021761e-01
-1.476048632583406572e-01
-1.497560623445791383e-01
-1.519072614308176195e-01
-1.540584605170561006e-01
-1.562096596032945539e-01
-1.583651610877055416e-01
-1.605120577757715161e-01
-1.626632568620099972e-01
-1.648144559482484783e-01
-1.669656550344869594e-01
-1.691168541207254405e-01
-1.712680532069639217e-01
-1.734192522932024028e-01
-1.755704513794408561e-01
-1.777216504656793372e-01
-1.798728495519178183e-01
-1.820261998372425527e-01
-1.841752477243947805e-01
-1.863264468106332616e-01
-1.884776458968717427e-01
-1.906288449831102239e-01
-1.927821952684349305e-01
-1.949333943546734116e-01
-1.970824422418256394e-01
-1.992336413280641205e-01
-2.013869916133888549e-01
-2.035381906996273360e-01
-2.056893897858658171e-01
-2.078384376730180449e-01
-2.099896367592565261e-01
-2.121408358454950072e-01
-2.142920349317334605e-01
-2.164432340179719416e-01
-2.185944331042104227e-01
-2.207456321904489038e-01
-2.228968312766873849e-01
-2.250480303629258660e-01
-2.271992294491643471e-01
-2.293504285354028283e-01
-2.315016276216413094e-01
-2.336528267078797627e-01
-2.358061769932044971e-01
-2.379573760794430060e-01
-2.401064239665952060e-01
-2.422576230528337149e-01
-2.444088221390721682e-01
-2.465600212253106216e-01
-2.487112203115491305e-01
-2.508624193977875838e-01
-2.530136184840260927e-01
-2.551648175702645460e-01
-2.573160166565030549e-01
-2.594672157427415082e-01
-2.616184148289800171e-01
-2.637696139152184704e-01
-2.659208130014569238e-01
-2.680741632867816859e-01
-2.702253623730201393e-01
-2.723744102601723949e-01
-2.745256093464108482e-01
-2.766768084326493571e-01
-2.788280075188878104e-01
-2.809792066051263193e-01
-2.831304056913647726e-01
-2.852816047776032260e-01
-2.874328038638417349e-01
-2.895840029500801882e-01
-2.917352020363186971e-01
-2.938864011225571504e-01
-2.960376002087956593e-01
-2.981887992950341126e-01
-3.003399983812726215e-01
-3.024911974675110748e-01
-3.046445477528357815e-01
-3.067935956399880371e-01
-3.089447947262264904e-01
-3.110959938124649993e-01
-3.132471928987034526e-01
-3.153983919849419615e-01
-3.175495910711804148e-01
-3.197007901574189237e-01
-3.218519892436573770e-01
-3.240031883298958304e-01
-3.261543874161343393e-01
-3.283055865023727926e-01
-3.304567855886113015e-01
-3.326079846748497548e-01
-3.347591837610882637e-01
-3.369125340464129703e-01
-3.390615819335652259e-01
-3.412127810198036792e-01
-3.433639801060421326e-01
-3.455151791922806415e-01
-3.476663782785190948e-01
-3.498175773647576037e-01
-3.519709276500823103e-01
-3.541221267363208192e-01
-3.562711746234730192e-01
-3.584223737097115281e-01
-3.605757239950362347e-01
-3.627269230812746881e-01
-3.648759709684269437e-01
-3.670271700546653970e-01
-3.691783691409039059e-01
-3.713295682271423592e-01
-3.734807673133808681e-01
-3.756319663996193214e-01
-3.777853166849440281e-01
-3.799343645720962837e-01
-3.820855636583347370e-01
-3.842367627445732459e-01
-3.863879618308116992e-01
-3.885391609170502081e-01
-3.906903600032886614e-01
-3.928437102886134236e-01
-3.949927581757656236e-01
-3.971439572620041325e-01
-3.992951563482425859e-01
-4.014463554344810392e-01
-4.035975545207195481e-01
-4.057509048060442547e-01
-4.078999526931965103e-01
-4.100511517794349636e-01
-4.122023508656734725e-01
-4.143535499519119258e-01
-4.165047490381504347e-01
-4.186580993234751413e-01
-4.208136008078861012e-01
-4.229604974959521035e-01
-4.251095453831043036e-01
-4.272607444693428125e-01
-4.294119435555812658e-01
-4.315631426418197747e-01
-4.337164929271444813e-01
-4.358676920133829902e-01
-4.380167399005351903e-01
-4.401679389867736436e-01
-4.423191380730121525e-01
-4.444703371592506058e-01
-4.466215362454891147e-01
-4.487748865308138213e-01
-4.509239344179660769e-01
-4.530751335042045302e-01
-4.552263325904430391e-01
-4.573775316766814925e-01
-4.595308819620061991e-01
-4.616799298491584547e-01
-4.638311289353969080e-01
-4.659823280216354169e-01
-4.681335271078738702e-01
-4.702847261941123791e-01
-4.724359252803508324e-01
-4.745892755656755946e-01
-4.767404746519140479e-01
-4.788916737381525013e-01
-4.810407216253047569e-01
-4.831919207115432102e-01
-4.853452709968679168e-01
-4.874943188840202279e-01
-4.896455179702586258e-01
-4.917967170564971346e-01
-4.939479161427356435e-01
-4.961012664280603501e-01
-4.982503143152125502e-01
-5.004015134014510036e-01
-5.025527124876895124e-01
-5.047060627730142190e-01
-5.068551106601664191e-01
-5.090063097464049280e-01
-5.111596600317296346e-01
-5.133087079188818347e-01
-5.154599070051203435e-01
-5.176111060913588524e-01
-5.197644563766835590e-01
-5.219135042638357591e-01
-5.240647033500742680e-01
-5.262180536353989746e-01
-5.283671015225511747e-01
-5.305204518078759923e-01
-5.326694996950281924e-01
-5.348206987812667013e-01
