3.199700127727704915e-03
2.108094007743047116e-03
9.842510471478431444e-04
-1.151363791910831047e-04
-1.225639957464682780e-03
-2.337255150931747891e-03
-3.448870344398814736e-03
-4.560485537865879846e-03
-5.672100731332948426e-03
-6.783715924800013536e-03
-7.895331118267078646e-03
-9.006946311734143756e-03
-1.011967312039467257e-02
-1.123017669866827398e-02
-1.234179189213533909e-02
-1.345340708560240420e-02
-1.456613389426293648e-02
-1.567663747253653789e-02
-1.678825266600360300e-02
-1.789986785947066811e-02
-1.901259466813120039e-02
-2.012309824640480180e-02
-2.123471343987186691e-02
-2.234632863333893202e-02
-2.345794382680599713e-02
-2.457067063546652594e-02
-2.568117421374012735e-02
-2.679278940720719246e-02
-2.790440460067425757e-02
-2.901601979414132268e-02
-3.012763498760838779e-02
-3.123925018107545290e-02
-3.235086537454251454e-02
-3.346248056800958659e-02
-3.457409576147664476e-02
-3.568571095494371681e-02
-3.679732614841078886e-02
-3.791005295707131073e-02
-3.902055653534491908e-02
-4.013217172881197725e-02
-4.124378692227904930e-02
-4.235540211574610747e-02
-4.346701730921317952e-02
-4.457863250268023769e-02
-4.569024769614730974e-02
-4.680186288961436791e-02
-4.791347808308143996e-02
-4.902509327654849813e-02
-5.013670847001557018e-02
-5.124832366348262835e-02
-5.235993885694970040e-02
-5.347155405041675857e-02
-5.458316924388383062e-02
-5.569478443735088879e-02
-5.680639963081796084e-02
-5.791801482428501902e-02
-5.902963001775209106e-02
-6.014124521121914924e-02
-6.125397201987969886e-02
-6.236447559815327946e-02
-6.347609079162035151e-02
-6.458770598508742355e-02
-6.569932117855448173e-02
-6.681204798721501747e-02
-6.792255156548861195e-02
-6.903416675895568400e-02
-7.014578195242274217e-02
-7.125739714588981422e-02
-7.236901233935687239e-02
-7.348062753282394444e-02
-7.459224272629100261e-02
-7.570496953495153836e-02
-7.681658472841861041e-02
-7.792708830669220488e-02
-7.903870350015926305e-02
-8.015031869362633510e-02
-8.126193388709340715e-02
-8.237354908056046532e-02
-8.348516427402753737e-02
-8.459677946749459554e-02
-8.570839466096166759e-02
-8.682000985442872576e-02
-8.793162504789579781e-02
-8.904435185655633356e-02
-9.015596705002339173e-02
-9.126647062829698620e-02
-9.237808582176405825e-02
-9.348970101523111642e-02
-9.460131620869818847e-02
-9.571293140216524664e-02
-9.682454659563231869e-02
-9.793616178909937686e-02
-9.904777698256644891e-02
-1.001593921760335210e-01
-1.012710073695005791e-01
-1.023826225629676512e-01
-1.034942377564347094e-01
-1.046058529499017814e-01
-1.057174681433688396e-01
-1.068301949520293753e-01
-1.079406985303029698e-01
-1.090523137237700418e-01
-1.101639289172371000e-01
-1.112755441107041721e-01
-1.123871593041712302e-01
-1.134987744976383023e-01
-1.146103896911053605e-01
-1.157220048845724186e-01
-1.168336200780395046e-01
-1.179452352715065627e-01
-1.190568504649736209e-01
-1.201684656584407068e-01
-1.212800808519077650e-01
-1.223916960453748232e-01
-1.235044228540353589e-01
-1.246149264323089673e-01
-1.257265416257760393e-01
-1.268381568192430975e-01
-1.279497720127101557e-01
-1.290613872061772416e-01
-1.301730023996442720e-01
-1.312846175931113579e-01
-1.323962327865784161e-01
-1.335078479800454743e-01
-1.346194631735125324e-01
-1.357321899821730959e-01
-1.368426935604466765e-01
-1.379543087539137347e-01
-1.390659239473808206e-01
-1.401775391408478788e-01
-1.412891543343149370e-01
-1.424007695277819951e-01
-1.435123847212490811e-01
-1.446239999147161392e-01
-1.457356151081831974e-01
-1.468472303016502556e-01
-1.479588454951173415e-01
-1.490704606885843997e-01
-1.501820758820514579e-01
-1.512936910755185160e-01
-1.524053062689856020e-01
-1.535169214624526601e-01
-1.546285366559197183e-01
-1.557401518493867765e-01
-1.568517670428538624e-01
-1.579633822363209206e-01
-1.590749974297879787e-01
-1.601866126232550647e-01
-1.613171252750110751e-01
-1.624098430101891810e-01
-1.635214582036562392e-01
-1.646330733971233251e-01
-1.657446885905903833e-01
-1.668563037840574415e-01
-1.679679189775244996e-01
-1.690817574013785130e-01
-1.701911493644586437e-01
-1.713027645579257019e-01
-1.724143797513927601e-01
-1.735259949448598460e-01
-1.746376101383269042e-01
-1.757492253317939623e-01
-1.768619521404544981e-01
-1.779735673339215840e-01
-1.790851825273886422e-01
-1.801956861056622228e-01
-1.813073012991293087e-01
-1.824189164925963669e-01
-1.835305316860634250e-01
-1.846432584947239608e-01
-1.857548736881910190e-01
-1.868664888816581049e-01
-1.879781040751251631e-01
-1.890897192685922212e-01
-1.902013344620593072e-01
-1.913118380403328878e-01
-1.924234532337999459e-01
-1.935350684272670319e-01
-1.946466836207340900e-01
-1.957582988142011482e-01
-1.968699140076682064e-01
-1.979815292011352923e-01
-1.990931443946023505e-01
-2.002058712032628862e-01
-2.013163747815364668e-01
-2.024291015901970026e-01
-2.035396051684706109e-01
-2.046512203619376691e-01
-2.057628355554047273e-01
-2.068744507488718132e-01
-2.079860659423388713e-01
-2.090976811358059295e-01
-2.102104079444664653e-01
-2.113220231379335512e-01
