8
9
9.999
10.999
11.999
12.999
14
14.999
15.999
16.999
17.999
18.999
20
21
21.999
23
24
25
25.999
26.999
28
28.999
29.999
30.999
31.999
32.999
33.999
35
35.999
36.999
37.999
38.999
39.999
40.999
41.999
42.999
43.999
44.999
45.999
46.999
48
49
50
51
52
52.999
53.999
54.999
56
56.999
58
59
59.999
60.999
62
63
64
65
66
67
68
68.999
70
71
72
72.999
73.999
74.999
75.999
76.999
77.999
78.999
79.999
81.001
81.999
82.999
83.999
84.999
85.999
86.999
87.999
88.999
89.999
90.999
92
92.999
93.999
94.999
95.999
97
98
98.999
99.999
101
102
103
103.999
104.999
105.999
106.999
107.999
108.999
109.999
110.999
111.999
112.999
113.999
114.999
115.999
117
118
118.999
119.999
120.999
121.999
122.999
123.999
124.999
125.999
126.999
127.999
128.999
129.999
130.999
132
133
133.999
134.999
135.999
136.999
137.999
138.999
139.999
140.999
141.999
142.999
143.999
144.999
145.999
146.999
147.999
149
149.999
150.999
151.999
152.999
153.999
154.999
155.999
156.999
157.999
158.999
159.999
160.999
161.999
162.999
164
164.999
165.999
166.999
167.999
168.999
169.999
171
172
172.999
173.999
175
176
176.999
177.999
178.999
179.999
180.999
181.999
183
183.999
184.999
185.999
186.999
187.999
188.999
190
190.999
191.999
192.999
193.999
194.999
196
196.999
197.999
198.999
199.999
200.999
202
203.002
204
204.999
205.999
206.999
207.999
209
210
210.999
211.999
212.999
213.999
214.999
216
216.999
217.999
218.999
219.999
221
221.999
222.999
223.999
224.999
225.999
226.999
228
229
230
230.999
231.999
233
233.999
234.999
235.999
236.999
238
238.999
239.999
240.999
242
242.999
243.999
245
245.999
246.999
247.999
249
249.999
250.999
252
252.999
254
254.999
255.999