8.183
9.165
10.176
11.165
12.164
13.164
14.164
15.164
16.164
17.164
18.164
19.164
20.165
21.164
22.164
23.164
24.165
25.164
26.164
27.164
28.165
29.164
30.164
31.164
32.164
33.165
34.164
35.164
36.164
37.164
38.164
39.164
40.164
41.164
42.164
43.164
44.164
45.165
46.164
47.164
48.164
49.164
50.164
51.164
52.164
53.164
54.164
55.164
56.164
57.164
58.164
59.164
60.164
61.164
62.164
63.164
64.164
65.164
66.165
67.164
68.164
69.164
70.164
71.165
72.164
73.164
74.164
75.164
76.164
77.164
78.164
79.165
80.165
81.164
82.164
83.164
84.164
85.164
86.164
87.164
88.164
89.164
90.164
91.165
92.165
93.164
94.164
95.164
96.164
97.164
98.164
99.164
100.164
101.164
102.164
103.164
104.164
105.164
106.164
107.165
108.164
109.164
110.164
111.164
112.164
113.164
114.164
115.164
116.164
117.164
118.164
119.164
120.164
121.164
122.165
123.164
124.164
125.164
126.164
127.164
128.164
129.164
130.164
131.164
132.164
133.165
134.164
135.164
136.164
137.164
138.164
139.164
140.164
141.164
142.164
143.164
144.164
145.164
146.164
147.164
148.164
149.164
150.164
151.164
152.164
153.164
154.164
155.164
156.181
157.164
158.164
159.164
160.164
161.164
162.164
163.166
164.164
165.164
166.164
167.164
168.164
169.164
170.165
171.165
172.165
173.164
174.164
175.164
176.164
177.165
178.165
179.165
180.165
181.165
182.165
183.164
184.164
185.164
186.164
187.164
188.164
189.164
190.164
191.165
192.164
193.165
194.164
195.164
196.164
197.164
198.164
199.164
200.165
201.165