8.018
9.019
10.018
11.018
12.019
13.018
14.018
15.019
16.018
17.018
18.018
19.018
20.019
21.018
22.019
23.018
24.018
25.018
26.018
27.018
28.019
29.018
30.018
31.018
32.018
33.018
34.018
35.019
36.018
37.018
38.018
39.019
40.018
41.018
42.018
43.018
44.019
45.018
46.018
47.018
48.018
49.018
50.018
51.019
52.019
53.018
54.018
55.018
56.018
57.019
58.018
59.018
60.019
61.018
62.018
63.018
64.018
65.019
66.018
67.018
68.018
69.018
70.018
71.018
72.018
73.018
74.019
75.018
76.018
77.018
78.018
79.019
80.018
81.018
82.018
83.018
84.019
85.018
86.018
87.018
88.018
89.018
90.019
91.018
92.018
93.019
94.018
95.018
96.018
97.018
98.018
99.018
100.018
101.019
102.019
103.018
104.019
105.018
106.018
107.018
108.019
109.018
110.018
111.018
112.018
113.018
114.018
115.018
116.019
117.018
118.018
119.018
120.018
121.018
122.019
123.018
124.018
125.018
126.018
127.018
128.018
129.018
130.018
131.019
132.018
133.019
134.018
135.018
136.018
137.019
138.019
139.018
140.018
141.019
142.018
143.018
144.019
145.018
146.019
147.018
148.019
149.018
150.019
151.018
152.018
153.019
154.018
155.018
156.018
157.018
158.018
159.019
160.018
161.018
162.018
163.018
164.019
165.018
166.019
167.019
168.018
169.018
170.018
171.018
172.018
173.018
174.018
175.018
176.019
177.018
178.018
179.019
180.018
181.019
182.018
183.019
184.018
185.018
186.018
187.018
188.018
189.018
190.018
191.019
192.018
193.018
194.018
195.019
196.018
197.018
198.019
199.018
200.018
201.018
202.018
203.019
204.018
205.018
206.018