3.0748
3.0693
3.0641
3.0582
3.0519
3.0452
3.0379
3.031
3.0248
3.0174
3.0114
3.0045
2.9967
2.9902
2.9837
2.9761
2.9692
2.9653
2.9577
2.9501
2.9435
2.9364
2.9299
2.9231
2.9157
2.9097
2.903
2.8963
2.8905
2.8846
2.878
2.8717
2.8657
2.8596
2.8531
2.8479
2.842
2.8363
2.8309
2.8251
2.8196
2.8137
2.8082
2.8021
2.7963
2.7897
2.7846
2.7776
2.7719
2.7663
2.7597
2.7536
2.7479
2.7421
2.7355
2.7291
2.7229
2.7165
2.7104
2.7045
2.698
2.6926
2.6855
2.6793
2.6729
2.6677
2.6615
2.6548
2.6495
2.6437
2.6378
2.6314
2.6253
2.6192
2.6131
2.6074
2.6014
2.5945
2.5898
2.5851
2.5788
2.5732
2.5686
2.5646
2.5594
2.5544
2.549
2.5441
2.5388
2.5349
2.5301
2.5238
2.5193
2.5145
2.509
2.5036
2.4989
2.4929
2.4874
2.4811
2.4751
2.469
2.4635
2.4577
2.4517
2.4466
2.4414
2.4358
2.4305
2.4253
2.42
2.4146
2.4089
2.404
2.3988
2.3942
2.3895
2.3845
2.3803
2.3754
2.3712
2.3661
2.3623
2.3569
2.3521
2.3479
2.3425
2.3381
2.3331
2.3273
2.3226
2.3176
2.3124
2.3068
2.3014
2.296
2.2897
2.2844
2.2791
2.274
2.2684
2.2636
2.2587
2.2542
2.2488
2.2432
2.2393
2.2347
2.2302
2.2259
2.2225
2.2187
2.214
2.2092
2.2054
2.2001
2.197
2.1919
2.1872
2.1825
2.1777
2.1737
2.1688
2.1626
2.1583
2.1537
2.1483
2.1437
2.1385
2.1338
2.1291
2.1244
2.1187
2.1144
2.1095
2.1055
2.1011
2.097
2.093
2.0898
2.0861
2.0818
2.0784
2.0737
2.0703
2.0666
2.0621
2.0577
2.0543
2.0498
2.0458
2.0414
2.037
2.0319
2.0261
2.0201
2.0165
2.0125
2.0077
2.0019
1.9983
1.9934
1.9891
1.9846
1.9799
1.9758
1.9711
1.9672
1.9628
1.958
1.9544
1.9503
1.9471
1.9426
1.9386
1.936
1.9334
1.9283
1.9247
1.9201
1.9161
1.912
1.9086
1.9038
1.8999
1.8961
1.8918
1.8877
1.8831
1.878
1.8735
1.8699
1.8646
1.8595
1.8543
1.8512
1.8466
1.842
1.8389
1.8345
1.8297
1.8255
1.8218
1.8175
1.8149
1.811
1.8084
1.804
1.8005