4.7243
4.7194
4.7181
4.7106
4.7065
4.7024
4.6983
4.6942
4.6899
4.686
4.6826
4.6779
4.6727
4.669
4.6652
4.6604
4.6554
4.6514
4.6468
4.6418
4.637
4.6315
4.6263
4.6219
4.6166
4.6116
4.6064
4.6017
4.5967
4.592
4.5867
4.5813
4.5759
4.5717
4.5665
4.5613
4.5562
4.551
4.5451
4.5407
4.5359
4.5311
4.5261
4.5207
4.5152
4.5102
4.5053
4.5005
4.4954
4.4905
4.4851
4.4804
4.4755
4.4708
4.4657
4.4608
4.4561
4.452
4.4498
4.4476
4.4406
4.4345
4.4275
4.4211
4.4163
4.411
4.4062
4.4004
4.3953
4.3907
4.3866
4.3805
4.3758
4.3712
4.3663
4.3609
4.3566
4.3508
4.3459
4.3408
4.3362
4.3313
4.3264
4.3213
4.3171
4.3121
4.307
4.3025
4.2982
4.2927
4.2882
4.2835
4.2792
4.274
4.2693
4.2643
4.2596
4.2548
4.2498
4.2452
4.2399
4.2359
4.231
4.226
4.2219
4.2176
4.2133
4.2084
4.2034
4.1988
4.1941
4.189
4.1848
4.1807
4.1752
4.1709
4.1661
4.1623
4.1578
4.1537
4.1498
4.1451
4.14
4.136
4.1312
4.126
4.122
4.1177
4.1132
4.1086
4.104
4.0997
4.0952
4.0908
4.0855
4.0808
4.077
4.0725
4.0679
4.0644
4.0602
4.0549
4.0496
4.0451
4.0405
4.0365
4.0317
4.027
4.0202
4.0178
4.0143
4.0094
4.0042
3.9991
3.9944
3.9913
3.9843
3.98
3.9752
3.9713
3.9661
3.9613
3.9566
3.952
3.9476
3.9435
3.9386
3.9335
3.9293
3.925
3.9203
3.9163
3.9115
3.9074
3.9035
3.899
3.895
3.8902
3.8863
3.8825
3.8778
3.8735
3.8697
3.8643
3.8604
3.8568
3.8526
3.848
3.8436
3.8392
3.8342
3.8304
3.8252
3.8212