3.343
3.3254
3.309
3.2911
3.2738
3.2572
3.24
3.2227
3.2073
3.1903
3.1745
3.1569
3.1405
3.1248
3.1087
3.0944
3.0777
3.0616
3.0456
3.0298
3.0141
2.9998
2.9842
2.9695
2.9536
2.9384
2.9229
2.907
2.8927
2.8781
2.863
2.8477
2.8333
2.819
2.8043
2.7891
2.7742
2.7603
2.746
2.7307
2.7177
2.7035
2.6898
2.6748
2.6605
2.6474
2.6327
2.6195
2.6041
2.5901
2.5772
2.5666
2.552
2.5391
2.5249
2.5114
2.4984
2.4854
2.4726
2.4605
2.4467
2.4343
2.4218
2.409
2.3964
2.3832
2.3718
2.3588
2.3466
2.3348
2.3223
2.3102
2.2981
2.2857
2.2741
2.2618
2.2498
2.2388
2.2265
2.2149
2.2037
2.1919
2.1799
2.1691
2.1574
2.1464
2.1344
2.1238
2.1132
2.1016
2.0914
2.0796
2.0692
2.0589
2.0495
2.0381
2.0282
2.0171
2.0065
1.9959
1.9857
1.9753
1.9649
1.9547
1.9442
1.9336
1.9242
1.914
1.9036
1.8936
1.8836
1.8742
1.8639
1.8536
1.8443
1.835
1.8244
1.8139
1.8049
1.7943
1.7846
1.7747
1.7642
1.7542
1.7453
1.7351
1.7258
1.7163
1.7064
1.6964
1.6876
1.6793
1.6695
1.6597
1.6509
1.642
1.6325
1.6233
1.6141
1.605
1.597
1.5877
1.5792
1.5702
1.5621
1.5542
1.5459
1.5375
1.5294
1.5217
1.5136
1.5059
1.4971
1.4883
1.4799
1.4736
1.4654
1.4572
1.4499
1.4415
1.4339
1.4257
1.4172
1.4101
1.4015
1.3937
1.3855
1.3787
1.3702
1.3628
1.3548
1.3469
1.3392
1.3318
1.3242
1.3159
1.3083
1.3008
1.2933
1.2853
1.2778
1.2704
1.2627
1.2547
1.2472
1.2399
1.2327
1.2248
1.2177
1.2097
1.2022
1.1955
1.1876
1.1809
1.1734
1.1664
1.1593
1.1518
1.1457