0.000000000000000000e+00
-5.278639813819456170e-03
-1.022257849848639752e-02
-1.564675203745885188e-02
-2.091721770984435180e-02
-2.600067682712233624e-02
-3.129527763372350058e-02
-3.664908991741697847e-02
-4.143914573253468930e-02
-4.675365117591003677e-02
-5.171846780959397927e-02
-5.727807400522251513e-02
-6.248658452566319133e-02
-6.749832629768413861e-02
-7.266397506672873929e-02
-7.727458116112351227e-02
-8.268604265832181499e-02
-8.793095230860618894e-02
-9.317068135181101607e-02
-9.837199669587545769e-02
-1.035673292837202691e-01
-1.083229876588395479e-01
-1.135369032137773931e-01
-1.184750189641837204e-01
-1.238438421115656551e-01
-1.290033919146409691e-01
-1.342923333206934300e-01
-1.397469858612226945e-01
-1.446782854038192734e-01
-1.497382532247929776e-01
-1.549985813219835196e-01
-1.603569565152235255e-01
-1.654264973848875164e-01
-1.704863953059861104e-01
-1.757146539743759672e-01
-1.811496442901766868e-01
-1.865061900909088244e-01
-1.915292379636733822e-01
-1.967233000921821962e-01
-2.023106208521743832e-01
-2.070826730767468815e-01
-2.123213775980391238e-01
-2.174017660306498123e-01
-2.229939962402751885e-01
-2.283545323836746188e-01
-2.332905811404280549e-01
-2.388586718884947169e-01
-2.438851475718241679e-01
-2.497814813712369852e-01
-2.551721224332533788e-01
-2.601650691556112172e-01
-2.642865416097379128e-01
-2.699912419554180709e-01
-2.750589199061360679e-01
-2.806671494552919754e-01
-2.860282408652351505e-01
-2.912180804512297105e-01
-2.964349950482044749e-01
-3.015983788472719751e-01
-3.065040261140655753e-01
-3.121284295942509113e-01
-3.172093665647241489e-01
-3.223575420998326391e-01
-3.276568838052272836e-01
-3.329009962103287590e-01
-3.384244850210260669e-01
-3.432194468894038120e-01
-3.487155922937494879e-01
-3.539011354305752199e-01
-3.589423730904626186e-01
-3.643105335413212020e-01
-3.695345065655186723e-01
-3.747859128572383347e-01
-3.801962842730250425e-01
-3.852842377027150822e-01
-3.907076509828720234e-01
-3.960272840613731082e-01
-4.009285994028941591e-01
-4.064377616583415564e-01
-4.116613516868690703e-01
-4.167308415643877773e-01
-4.220998598307925675e-01
-4.275896032487291887e-01
-4.325562724605082066e-01
-4.379648144787698927e-01
-4.430765873086842666e-01
-4.486830306987940609e-01
-4.536616704503533271e-01
-4.586652211299379056e-01
-4.641696480487685350e-01
-4.690349092556102550e-01
-4.746930399105378506e-01
-4.797065482907386103e-01
-4.846967478374000216e-01
-4.892727464757063438e-01
-4.948506061277648804e-01
-4.997199072422025545e-01
-5.052077711128114546e-01
-5.104766967131271205e-01
-5.157735310041470234e-01
-5.208971106271118590e-01
-5.261483218861436884e-01
-5.314272539969484566e-01
-5.366318784611223691e-01
-5.420180260331299849e-01
-5.474850570308253950e-01
-5.523583104929344900e-01
-5.576733144071990278e-01
-5.631217771731432675e-01
-5.683888282203243270e-01
-5.736837680506990944e-01
-5.786867057303753947e-01
-5.841975406823408656e-01
-5.897389133019321772e-01
-5.947688057313382792e-01
-5.998241259314280871e-01
-6.056174415825532620e-01
-6.113893840561747117e-01
-6.163634188498958721e-01
-6.222536337014774599e-01
-6.276743069540475783e-01
-6.332372128795793476e-01
-6.391712775954320191e-01
-6.448556949028173557e-01
-6.499421467893075066e-01
-6.558035588124725423e-01
-6.611778963458914138e-01
-6.666977964775058219e-01
-6.724827192629578843e-01
-6.783602488196630587e-01
-6.835612061699150033e-01
-6.884915675191363160e-01
-6.943444270363894333e-01
-7.002317442934254954e-01
-7.055480136862757323e-01
-7.109535964077250414e-01
-7.167560252695124312e-01
-7.224074931032993252e-01
-7.280910816408645569e-01
-7.337448508559824001e-01
-7.387417382050862624e-01
-7.445821793366328434e-01
-7.499502177408814418e-01
-7.556656076559434831e-01
-7.608375375831355480e-01
-7.659076636449567710e-01
-7.712623424178103315e-01
-7.767108867394255656e-01
-7.819931058099737209e-01
-7.870404764940297504e-01
-7.923776881224847690e-01
-7.974778813273248890e-01
-8.033387039643075100e-01
-8.092340784449857383e-01
-8.148940895122963601e-01
-8.191602209190561590e-01
-8.247403646942350619e-01
-8.303518212856898506e-01
-8.353740189009505324e-01
-8.411843693416416468e-01
-8.464706026991051235e-01
-8.522056862601833371e-01
-8.581855134287816878e-01
-8.632079835769143061e-01
-8.693255158152556339e-01
-8.749065262946347232e-01
-8.808075221170655889e-01
-8.857275812425151607e-01
-8.919118928512999034e-01
-8.973272006332870809e-01
-9.032147654764819400e-01
-9.090629518153294786e-01
-9.147961866848878243e-01
-9.203371967435765022e-01
-9.260601039293528958e-01
-9.323477652640035362e-01
-9.381400229032681448e-01
-9.438891476265525160e-01
-9.496715159989000954e-01
-9.558764533040123856e-01
-9.617287582518556643e-01
-9.675367959272274110e-01
-9.736163219754639941e-01
-9.799721072544446132e-01
-9.859675686765317915e-01
-9.918378762343021959e-01
-9.976617218626248063e-01
-1.004091042076624474e+00
-1.009904773907136732e+00
-1.016496212454296000e+00
-1.022715395815037009e+00
-1.028304099521719195e+00
-1.034934143530493955e+00
-1.040591747812862566e+00
-1.046963089928339086e+00
-1.052946525165704639e+00
-1.059052232743742827e+00
-1.065542671347526671e+00
-1.070852803520518259e+00
