0.000000000000000000e+00
-1.790335921972990244e-03
-3.485970071354919063e-03
-5.413350900925983922e-03
-7.475511007164747750e-03
-9.673278042919465289e-03
-1.207337125337854498e-02
-1.434726041717381863e-02
-1.639488489825394191e-02
-1.884432506900292695e-02
-2.083477158603392471e-02
-2.312869370099425795e-02
-2.572817526876324326e-02
-2.789958369514951297e-02
-3.007571739845688735e-02
-3.262613993599645934e-02
-3.494730223158518112e-02
-3.626165072309790738e-02
-3.882791922587167099e-02
-4.140079041056133474e-02
-4.364050900666105459e-02
-4.605551723835074607e-02
-4.827156573912801812e-02
-5.059516152231212371e-02
-5.312993029744227796e-02
-5.518987540737023412e-02
-5.749517345034705490e-02
-5.980579817434273499e-02
-6.181036095244629713e-02
-6.385361632556715850e-02
-6.614425002766383122e-02
-6.833566958736865538e-02
-7.042721007165457514e-02
-7.255810358228025059e-02
-7.483373605204840517e-02
-7.665797791911450887e-02
-7.873182881793097665e-02
-8.073947262489813981e-02
-8.264517619430367112e-02
-8.469609629084981495e-02
-8.664482757525644729e-02
-8.873951529197453281e-02
-9.069614979443521574e-02
-9.287072242113582343e-02
-9.494274373975591930e-02
-9.730579532271579901e-02
-9.913562199979177036e-02
-1.016526130089459440e-01
-1.037068528519779070e-01
-1.057291712617716012e-01
-1.081178803237556746e-01
-1.103307120177019485e-01
-1.124028748967651758e-01
-1.145158082875975952e-01
-1.169256239710963208e-01
-1.192679739788512078e-01
-1.215423696768159201e-01
-1.238955714833992888e-01
-1.261436330172417686e-01
-1.283228061634953121e-01
-1.307291007072757527e-01
-1.327325889298424655e-01
-1.353729281294629161e-01
-1.376842921170269574e-01
-1.400758331843947879e-01
-1.420231805398492198e-01
-1.443499848621647985e-01
-1.468705362032071693e-01
-1.488689155421601407e-01
-1.510604073887838739e-01
-1.532946220831926387e-01
-1.557238345432390980e-01
-1.580446832650818090e-01
-1.603709308581064419e-01
-1.627026024991254372e-01
-1.648863022462984940e-01
-1.671900968453366165e-01
-1.698460386671827027e-01
-1.716592058402373611e-01
-1.734756665611461579e-01
-1.759156840385118215e-01
-1.780895979381317551e-01
-1.798788550960215560e-01
-1.814373374499615721e-01
-1.834670024714813164e-01
-1.854224960744048356e-01
-1.875387330988615986e-01
-1.894629056114097432e-01
-1.915483300426618352e-01
-1.930856699595311643e-01
-1.949810308428309713e-01
-1.974741562561667385e-01
-1.992587733346786460e-01
-2.011658818629575296e-01
-2.033555911085547507e-01
-2.055101624244305702e-01
-2.073892234470889606e-01
-2.097931670704199780e-01
-2.120018702553363166e-01
-2.145378482673607201e-01
-2.169590592480035718e-01
-2.194266481297975080e-01
-2.216567554909592841e-01
-2.240139052452771451e-01
-2.264581970069101391e-01
-2.285405528621609617e-01
-2.306682132392778306e-01
-2.329646138219668428e-01
-2.351428609894669064e-01
-2.372846304148040208e-01
-2.394723183242448705e-01
-2.417062165766898918e-01
-2.440696467221261934e-01
-2.461058418198787956e-01
-2.482712461806223236e-01
-2.501907126577074814e-01
-2.521557194567641269e-01
-2.542503997366979407e-01
-2.560133283329751319e-01
-2.580740141348371042e-01
-2.598437023732091955e-01
-2.619968284029220995e-01
-2.636041377752639248e-01
-2.658926622526349148e-01
-2.679313123534790009e-01
-2.697185468717652190e-01
-2.720211233623998637e-01
-2.739012247579843407e-01
-2.760420031059697688e-01
-2.785310611243575485e-01
-2.805526106633196570e-01
-2.827076910198363380e-01
-2.849539122666560065e-01
-2.873785757337194435e-01
-2.897222250856187897e-01
-2.920713800355200229e-01
-2.948190538753255874e-01
-2.971364506842690822e-01
-2.994592302976913367e-01
-3.016994631644956404e-01
-3.041651213351039273e-01
-3.062833922066082737e-01
-3.084504319507905268e-01
-3.104447156669987717e-01
-3.128431178826547865e-01
-3.153364406347061166e-01
-3.170765414641913416e-01
-3.191328676246366070e-01
-3.211485909437156172e-01
-3.230785302784126012e-01
-3.246071700869172516e-01
-3.263184197164403222e-01
-3.284390242063948695e-01
-3.306093994479444298e-01
-3.323309601503988686e-01
-3.347370446161417323e-01
-3.361470650903667923e-01
-3.384711108856709449e-01
-3.406176715052920412e-01
-3.427688497612195739e-01
-3.449705845160722650e-01
-3.468090737961572190e-01
-3.490658392905210960e-01
-3.519286569635402540e-01
-3.539189837100520930e-01
-3.560525652244299621e-01
-3.585630267939732829e-01
-3.607065504478870754e-01
-3.631352098080137258e-01
-3.653354307176162052e-01
-3.675405032759299084e-01
-3.697504489267329220e-01
-3.724371654447321545e-01
-3.744687741848976015e-01
-3.767889059105835048e-01
-3.786868898729944255e-01
-3.807788413799734761e-01
-3.827321065730571181e-01
-3.846414150289773071e-01
-3.861714908749665498e-01
-3.879435644247362647e-01
-3.900069543936091065e-01
-3.916414915586419188e-01
-3.939054071711822202e-01
-3.955463341803112098e-01
-3.973351136947222972e-01
-3.995149774687564714e-01
-4.016510043015916187e-01
-4.033047011765114598e-01
-4.054976310775144643e-01
-4.074509474520700558e-01
-4.096040115055790687e-01
-4.117617212481712863e-01
-4.142685425860093140e-01
-4.171270955428713623e-01
-4.200928433545612628e-01
-4.218765231615541622e-01
-4.238621281822583797e-01
-4.262500702154443100e-01
-4.291431288973063807e-01
-4.309430393877335397e-01
-4.333981349416211049e-01
-4.355575833639619421e-01
-4.378224759948358136e-01
-4.401935201123241548e-01
-4.422664788646034073e-01
-4.446480959420930912e-01
-4.466286465729941146e-01
-4.488678332592286324e-01
-4.513163143845212999e-01
-4.531566175314462597e-01
-4.552566515964442395e-01
-4.568987723534015943e-01
-4.592125765067467391e-01
-4.612737954164694010e-01
-4.626158696384547464e-01
-4.639597474444719372e-01
-4.666010727494177002e-01
-4.684697470538987107e-01
-4.708625904761061243e-01
-4.729479882393238244e-01
-4.750900438636304068e-01
-4.768698694918234726e-01
-4.793879696577721949e-01
-4.814386052844826791e-01
-4.834407134348190915e-01
-4.857111016959068106e-01
-4.878807017002888546e-01
-4.903205034833812981e-01
-4.930324777067688902e-01
-4.954315192412350188e-01
-4.973549049920625298e-01
-5.001933056123836208e-01
-5.029322241098522772e-01
-5.057325921416396808e-01
-5.074057810355648845e-01
-5.098937481364493873e-01
-5.123879206597247160e-01
-5.140722917281694837e-01
-5.164678936796401887e-01
-5.190878395044566940e-01
-5.213859363792855417e-01
-5.234148351642674557e-01
-5.257779280673027245e-01
-5.272094887126220764e-01
-5.293606795915635210e-01
-5.307973820545269783e-01
-5.332334368524080936e-01
-5.351754543860469671e-01
