0.000000000000000000e+00
-1.037728949400503657e-03
-1.313225639884835986e-03
-2.904113372409285534e-03
-3.774869817399194912e-03
-4.646385140021287372e-03
-5.518660664176387384e-03
-6.391697717232653481e-03
-7.308141553285896902e-03
-8.140061736933200745e-03
-8.865890601281734007e-03
-9.870110545724739351e-03
-1.098233875269670652e-02
-1.177448583373729048e-02
-1.258869598777944028e-02
-1.361812045888811593e-02
-1.469156567671553275e-02
-1.555115226851877530e-02
-1.654059116535445961e-02
-1.761717977567998916e-02
-1.865179641321346171e-02
-1.983861211059197507e-02
-2.096198927295381612e-02
-2.191352585996263203e-02
-2.306089839477640929e-02
-2.414453344587559960e-02
-2.527276094676281573e-02
-2.629360138250121451e-02
-2.738074708011213262e-02
-2.840374280527189002e-02
-2.955859056999639647e-02
-3.073660117742877187e-02
-3.191600113067698946e-02
-3.283427484074951525e-02
-3.397235467294072025e-02
-3.511173120672618497e-02
-3.623045904481993207e-02
-3.737241278803217492e-02
-3.866967223491989125e-02
-3.963821663254287614e-02
-4.069588149547881395e-02
-4.175466619789629241e-02
-4.285876029053581338e-02
-4.405255271245584608e-02
-4.526991914617926882e-02
-4.637790339319599470e-02
-4.746492030462380607e-02
-4.853090010753434436e-02
-4.966475009394737128e-02
-5.075534769366973897e-02
-5.195861001630622256e-02
-5.300707366708964224e-02
-5.410132449368046381e-02
-5.515203829321779772e-02
-5.629342486596421863e-02
-5.739127967852419160e-02
-5.844545779765874388e-02
-5.936596840923879376e-02
-5.986025047461681486e-02
-6.035477697557996984e-02
-6.192989937319856586e-02
-6.330453198816717031e-02
-6.488431114768553054e-02
-6.633086791734726928e-02
-6.741716037259716521e-02
-6.861798069973450154e-02
-6.970676182620942629e-02
-7.102395593939353491e-02
-7.218361362929720526e-02
-7.323073414382264001e-02
-7.416496227734899194e-02
-7.555652869825577045e-02
-7.663004158643182961e-02
-7.768183086825797279e-02
-7.880343327482283722e-02
-8.004094374533901601e-02
-8.102746519041803541e-02
-8.235966558497904988e-02
-8.348652991708452320e-02
-8.466073890000695712e-02
-8.572101328768390316e-02
-8.685167392154853616e-02
-8.798361439608398671e-02
-8.916311890971719001e-02
-9.013552128306134836e-02
-9.129437739013075703e-02
-9.247779575056348789e-02
-9.352315271897970739e-02
-9.452307141356863784e-02
-9.580349622387519803e-02
-9.685233735068611571e-02
-9.794896940057555568e-02
-9.895332558763372810e-02
-1.001692449255812134e-01
-1.012695224469502275e-01
-1.024413609610986958e-01
-1.035441426634455681e-01
-1.046716444271642565e-01
-1.058474788170423175e-01
-1.069304689170068323e-01
-1.081797177624595485e-01
-1.091235815386125685e-01
-1.102810300846067543e-01
-1.114634826286721725e-01
-1.124341381340425300e-01
-1.134531559365408587e-01
-1.144732131956356785e-01
-1.156368738705414317e-01
-1.168256802113622483e-01
-1.179206316430314594e-01
-1.190406260409874462e-01
-1.202573598576393427e-01
-1.212604887482728738e-01
-1.222407051915893467e-01
-1.235571404754706587e-01
-1.245875619610669199e-01
-1.257390554312299291e-01
-1.266515957183674268e-01
-1.277333135916604578e-01
-1.287198985239979554e-01
-1.296592615123235148e-01
-1.307924880739406159e-01
-1.320236139853141477e-01
-1.329902646164091151e-01
-1.341514801523508438e-01
-1.354109871734770487e-01
-1.363809193542699083e-01
-1.374246467691893625e-01
-1.385180874496386993e-01
-1.396370639462633789e-01
-1.407572939540686907e-01
-1.418056015210908682e-01
-1.429038456613006547e-01
-1.439788518728165323e-01
-1.452752819799121020e-01
-1.464263541959574533e-01
-1.473579779854207739e-01
-1.484623403284739962e-01
-1.495925060425966346e-01
-1.504532711929479072e-01
-1.514871683384393652e-01
-1.527933754716999382e-01
-1.541012910138146730e-01
-1.552131297388000264e-01
-1.563509551311719759e-01
-1.573414219696039340e-01
-1.585312785835461258e-01
-1.596977199532200187e-01
-1.613877491853784596e-01
-1.619849126766251257e-01
-1.628564158256212979e-01
-1.640777976342983613e-01
-1.653755915670752086e-01
-1.666500660189440541e-01
-1.678260216182745901e-01
-1.686024094504541271e-01
-1.703577637303593795e-01
-1.714375825261908459e-01
-1.726443405165633271e-01
-1.736259048060310173e-01
-1.749361577210737928e-01
-1.761471476008827641e-01
-1.773343312106825942e-01
-1.784976219369158179e-01
-1.796116025068221489e-01
-1.806507479666286109e-01
-1.818940716065781948e-01
-1.831897870353770275e-01
-1.842581088544386625e-01
-1.853530505881654800e-01
-1.865512203362389709e-01
-1.875720713041022503e-01
-1.887984696795388662e-01
-1.898472106471390530e-01
-1.908458152443285871e-01
-1.919992918220768952e-01
-1.930257224998255250e-01
-1.942588316320824904e-01
-1.952618536412042138e-01
-1.962401257818320588e-01
-1.974514193077693269e-01
-1.985609107327170053e-01
-1.995424171654741619e-01
-2.009388487345222241e-01
-2.019485967716932173e-01
-2.028815777132617071e-01
-2.039711567766165079e-01
-2.051658690190771017e-01
-2.063099744015614301e-01
-2.074553902606384448e-01
-2.087585937187250995e-01
-2.097501654410201810e-01
-2.111086483292865246e-01
-2.121548924088207944e-01
